0 100
0.1 100
0.2 100
0.3 100
0.4 100
0.5 100
0.6 100
0.7 100
0.8 100
0.9 100
1 100
1.1 98
1.2 98
1.3 98
1.4 98
1.5 98
1.6 98
1.7 98
1.8 98
1.9 98
2 98
2.1 98
2.2 98
2.3 98
2.4 98
2.5 98
2.6 98
2.7 98
2.8 98
2.9 98
3 98
3.1 98
3.2 98
3.3 98
3.4 98
3.5 98
3.6 98
3.7 98
3.8 98
3.9 98
4 98
4.1 98
4.2 98
4.3 98
4.4 98
4.5 98
4.6 98
4.7 98
4.8 98
4.9 98
5 98
5.1 97
5.2 97
5.3 97
5.4 97
5.5 97
5.6 97
5.7 97
5.8 97
5.9 97
6 97
6.1 94
6.2 94
6.3 94
6.4 94
6.5 94
6.6 94
6.7 94
6.8 94
6.9 94
7 94
7.1 94
7.2 94
7.3 94
7.4 94
7.5 94
7.6 94
7.7 94
7.8 94
7.9 94
8 94
8.1 93
8.2 93
8.3 93
8.4 93
8.5 93
8.6 93
8.7 93
8.8 93
8.9 93
9 93
9.1 93
9.2 93
9.3 93
9.4 93
9.5 93
9.6 93
9.7 93
9.8 93
9.9 93
10 93
10.1 92
10.2 92
10.3 92
10.4 92
10.5 92
10.6 92
10.7 92
10.8 92
10.9 92
11 92
11.1 92
11.2 92
11.3 92
11.4 92
11.5 92
11.6 92
11.7 92
11.8 92
11.9 92
12 92
12.1 92
12.2 92
12.3 92
12.4 92
12.5 92
12.6 92
12.7 92
12.8 92
12.9 92
13 92
13.1 91
13.2 91
13.3 91
13.4 91
13.5 91
13.6 91
13.7 91
13.8 91
13.9 91
14 91
14.1 91
14.2 91
14.3 91
14.4 91
14.5 91
14.6 91
14.7 91
14.8 91
14.9 91
15 91
15.1 91
15.2 91
15.3 91
15.4 91
15.5 91
15.6 91
15.7 91
15.8 91
15.9 91
16 91
16.1 91
16.2 91
16.3 91
16.4 91
16.5 91
16.6 91
16.7 91
16.8 91
16.9 91
17 91
17.1 88
17.2 88
17.3 88
17.4 88
17.5 88
17.6 88
17.7 88
17.8 88
17.9 88
18 88
18.1 87
18.2 87
18.3 87
18.4 87
18.5 87
18.6 87
18.7 87
18.8 87
18.9 87
19 86
19.1 86
19.2 86
19.3 86
19.4 86
19.5 86
19.6 86
19.7 86
19.8 86
19.9 86
20 85
20.1 85
20.2 85
20.3 85
20.4 85
20.5 85
20.6 85
20.7 85
20.8 85
20.9 85
21 84
21.1 84
21.2 84
21.3 84
21.4 84
21.5 84
21.6 84
21.7 84
21.8 84
21.9 84
22 81
22.1 81
22.2 81
22.3 81
22.4 81
22.5 81
22.6 81
22.7 81
22.8 81
22.9 81
23 81
23.1 81
23.2 81
23.3 81
23.4 81
23.5 81
23.6 81
23.7 81
23.8 81
23.9 81
24 80
24.1 80
24.2 80
24.3 80
24.4 80
24.5 80
24.6 80
24.7 80
24.8 80
24.9 80
25 79
25.1 79
25.2 79
25.3 79
25.4 79
25.5 79
25.6 79
25.7 79
25.8 79
25.9 79
26 77
26.1 77
26.2 77
26.3 77
26.4 77
26.5 77
26.6 77
26.7 77
26.8 77
26.9 77
27 77
27.1 77
27.2 77
27.3 77
27.4 77
27.5 77
27.6 77
27.7 77
27.8 77
27.9 77
28 77
28.1 77
28.2 77
28.3 77
28.4 77
28.5 77
28.6 77
28.7 77
28.8 77
28.9 77
29 77
29.1 77
29.2 77
29.3 77
29.4 77
29.5 77
29.6 77
29.7 77
29.8 77
29.9 77
30 76
30.1 76
30.2 76
30.3 76
30.4 76
30.5 76
30.6 76
30.7 76
30.8 76
30.9 76
31 72
31.1 72
31.2 72
31.3 72
31.4 72
31.5 72
31.6 72
31.7 72
31.8 72
31.9 72
32 70
32.1 70
32.2 70
32.3 70
32.4 70
32.5 70
32.6 70
32.7 70
32.8 70
32.9 70
33 67
33.1 67
33.2 67
33.3 67
33.4 67
33.5 67
33.6 67
33.7 67
33.8 67
33.9 67
34 67
34.1 67
34.2 67
34.3 67
34.4 67
34.5 67
34.6 67
34.7 67
34.8 67
34.9 67
35 65
35.1 65
35.2 65
35.3 65
35.4 65
35.5 65
35.6 65
35.7 65
35.8 65
35.9 65
36 63
36.1 63
36.2 63
36.3 63
36.4 63
36.5 63
36.6 63
36.7 63
36.8 63
36.9 63
37 63
37.1 63
37.2 63
37.3 63
37.4 63
37.5 63
37.6 63
37.7 63
37.8 63
37.9 63
38 61
38.1 61
38.2 61
38.3 61
38.4 61
38.5 61
38.6 61
38.7 61
38.8 61
38.9 61
39 61
39.1 61
39.2 61
39.3 61
39.4 61
39.5 61
39.6 61
39.7 61
39.8 61
39.9 61
40 59
40.1 59
40.2 59
40.3 59
40.4 59
40.5 59
40.6 59
40.7 59
40.8 59
40.9 59
41 59
41.1 59
41.2 59
41.3 59
41.4 59
41.5 59
41.6 59
41.7 59
41.8 59
41.9 59
42 59
42.1 59
42.2 59
42.3 59
42.4 59
42.5 59
42.6 59
42.7 59
42.8 59
42.9 59
43 58
43.1 58
43.2 58
43.3 58
43.4 58
43.5 58
43.6 58
43.7 58
43.8 58
43.9 58
44 55
44.1 55
44.2 55
44.3 55
44.4 55
44.5 55
44.6 55
44.7 55
44.8 55
44.9 55
45 55
45.1 55
45.2 55
45.3 55
45.4 55
45.5 55
45.6 55
45.7 55
45.8 55
45.9 55
46 55
46.1 55
46.2 55
46.3 55
46.4 55
46.5 55
46.6 55
46.7 55
46.8 55
46.9 55
47 54
47.1 54
47.2 54
47.3 54
47.4 54
47.5 54
47.6 54
47.7 54
47.8 54
47.9 54
48 54
48.1 54
48.2 54
48.3 54
48.4 54
48.5 54
48.6 54
48.7 54
48.8 54
48.9 54
49 50
49.1 50
49.2 50
49.3 50
49.4 50
49.5 50
49.6 50
49.7 50
49.8 50
49.9 50
50 49
50.1 49
50.2 49
50.3 49
50.4 49
50.5 49
50.6 49
50.7 49
50.8 49
50.9 49
51 47
51.1 47
51.2 47
51.3 47
51.4 47
51.5 47
51.6 47
51.7 47
51.8 47
51.9 47
52 45
52.1 45
52.2 45
52.3 45
52.4 45
52.5 45
52.6 45
52.7 45
52.8 45
52.9 45
53 45
53.1 45
53.2 45
53.3 45
53.4 45
53.5 45
53.6 45
53.7 45
53.8 45
53.9 45
54 44
54.1 44
54.2 44
54.3 44
54.4 44
54.5 44
54.6 44
54.7 44
54.8 44
54.9 44
55 43
55.1 43
55.2 43
55.3 43
55.4 43
55.5 43
55.6 43
55.7 43
55.8 43
55.9 43
56 43
56.1 43
56.2 43
56.3 43
56.4 43
56.5 43
56.6 43
56.7 43
56.8 43
56.9 43
57 40
57.1 40
57.2 40
57.3 40
57.4 40
57.5 40
57.6 40
57.7 40
57.8 40
57.9 40
58 38
58.1 38
58.2 38
58.3 38
58.4 38
58.5 38
58.6 38
58.7 38
58.8 38
58.9 38
59 37
59.1 37
59.2 37
59.3 37
59.4 37
59.5 37
59.6 37
59.7 37
59.8 37
59.9 37
60 35
60.1 35
60.2 35
60.3 35
60.4 35
60.5 35
60.6 35
60.7 35
60.8 35
60.9 35
61 33
61.1 33
61.2 33
61.3 33
61.4 33
61.5 33
61.6 33
61.7 33
61.8 33
61.9 33
62 33
62.1 33
62.2 33
62.3 33
62.4 33
62.5 33
62.6 33
62.7 33
62.8 33
62.9 33
63 32
63.1 32
63.2 32
63.3 32
63.4 32
63.5 32
63.6 32
63.7 32
63.8 32
63.9 32
64 32
64.1 32
64.2 32
64.3 32
64.4 32
64.5 32
64.6 32
64.7 32
64.8 32
64.9 32
65 32
65.1 32
65.2 32
65.3 32
65.4 32
65.5 32
65.6 32
65.7 32
65.8 32
65.9 32
66 30
66.1 30
66.2 30
66.3 30
66.4 30
66.5 30
66.6 30
66.7 30
66.8 30
66.9 30
67 29
67.1 29
67.2 29
67.3 29
67.4 29
67.5 29
67.6 29
67.7 29
67.8 29
67.9 29
68 27
68.1 27
68.2 27
68.3 27
68.4 27
68.5 27
68.6 27
68.7 27
68.8 27
68.9 27
69 27
69.1 27
69.2 27
69.3 27
69.4 27
69.5 27
69.6 27
69.7 27
69.8 27
69.9 27
70 25
70.1 25
70.2 25
70.3 25
70.4 25
70.5 25
70.6 25
70.7 25
70.8 25
70.9 25
71 23
71.1 23
71.2 23
71.3 23
71.4 23
71.5 23
71.6 23
71.7 23
71.8 23
71.9 23
72 21
72.1 21
72.2 21
72.3 21
72.4 21
72.5 21
72.6 21
72.7 21
72.8 21
72.9 21
73 21
73.1 21
73.2 21
73.3 21
73.4 21
73.5 21
73.6 21
73.7 21
73.8 21
73.9 21
74 21
74.1 21
74.2 21
74.3 21
74.4 21
74.5 21
74.6 21
74.7 21
74.8 21
74.9 21
75 20
75.1 20
75.2 20
75.3 20
75.4 20
75.5 20
75.6 20
75.7 20
75.8 20
75.9 20
76 20
76.1 20
76.2 20
76.3 20
76.4 20
76.5 20
76.6 20
76.7 20
76.8 20
76.9 20
77 20
77.1 20
77.2 20
77.3 20
77.4 20
77.5 20
77.6 20
77.7 20
77.8 20
77.9 20
78 20
78.1 18
78.2 18
78.3 18
78.4 18
78.5 18
78.6 18
78.7 18
78.8 18
78.9 18
79 18
79.1 18
79.2 18
79.3 18
79.4 18
79.5 18
79.6 18
79.7 18
79.8 18
79.9 18
80 18
80.1 15
80.2 15
80.3 15
80.4 15
80.5 15
80.6 15
80.7 15
80.8 15
80.9 15
81 15
81.1 13
81.2 13
81.3 13
81.4 13
81.5 13
81.6 13
81.7 13
81.8 13
81.9 13
82 13
82.1 13
82.2 13
82.3 13
82.4 13
82.5 13
82.6 13
82.7 13
82.8 13
82.9 13
83 13
83.1 10
83.2 10
83.3 10
83.4 10
83.5 10
83.6 10
83.7 10
83.8 10
83.9 10
84 10
84.1 9
84.2 9
84.3 9
84.4 9
84.5 9
84.6 9
84.7 9
84.8 9
84.9 9
85 9
85.1 9
85.2 9
85.3 9
85.4 9
85.5 9
85.6 9
85.7 9
85.8 9
85.9 9
86 9
86.1 9
86.2 9
86.3 9
86.4 9
86.5 9
86.6 9
86.7 9
86.8 9
86.9 9
87 9
87.1 7
87.2 7
87.3 7
87.4 7
87.5 7
87.6 7
87.7 7
87.8 7
87.9 7
88 7
88.1 7
88.2 7
88.3 7
88.4 7
88.5 7
88.6 7
88.7 7
88.8 7
88.9 7
89 7
89.1 6
89.2 6
89.3 6
89.4 6
89.5 6
89.6 6
89.7 6
89.8 6
89.9 6
90 6
90.1 6
90.2 6
90.3 6
90.4 6
90.5 6
90.6 6
90.7 6
90.8 6
90.9 6
91 6
91.1 5
91.2 5
91.3 5
91.4 5
91.5 5
91.6 5
91.7 5
91.8 5
91.9 5
92 5
92.1 4
92.2 4
92.3 4
92.4 4
92.5 4
92.6 4
92.7 4
92.8 4
92.9 4
93 4
93.1 3
93.2 3
93.3 3
93.4 3
93.5 3
93.6 3
93.7 3
93.8 3
93.9 3
94 3
94.1 2
94.2 2
94.3 2
94.4 2
94.5 2
94.6 2
94.7 2
94.8 2
94.9 2
95 2
95.1 0
95.2 0
95.3 0
95.4 0
95.5 0
95.6 0
95.7 0
95.8 0
95.9 0
96 0
96.1 0
96.2 0
96.3 0
96.4 0
96.5 0
96.6 0
96.7 0
96.8 0
96.9 0
97 0
97.1 0
97.2 0
97.3 0
97.4 0
97.5 0
97.6 0
97.7 0
97.8 0
97.9 0
98 0
98.1 0
98.2 0
98.3 0
98.4 0
98.5 0
98.6 0
98.7 0
98.8 0
98.9 0
99 0
99.1 0
99.2 0
99.3 0
99.4 0
99.5 0
99.6 0
99.7 0
99.8 0
99.9 0
100 0
